396
404
408
400
392
388
380
384
384
380
380
376
376
384
396
412
420
416
408
400
400
404
412
420
424
432
444
460
480
512
536
548
552
556
560
572
584
592
596
600
604
612
620
640
652
656
652
640
636
640
640
644
648
644
644
648
652
668
684
692
688
680
672
672
672
672
672
676
672
676
680
692
708
716
712
704
696
692
692
692
692
688
684
688
688
696
708
720
720
712
704
692
692
688
684
676
672
664
660
660
668
676
680
668
648
632
628
624
620
616
612
608
604
604
616
628
632
624
616
608
600
600
600
596
592
584
580
580
584
596
604
600
588
580
568
568
564
564
556
552
548
548
556
564
576
576
568
556
548
544
540
540
536
532
524
520
520
528
536
540
532
520
508
500
496
496
492
488
488
488
488
496
508
520
516
508
496
488
488
484
484
480
476
472
472
472
488
496
492
484
468
456
456
452
452
444
440
436
436
436
448
460
464
460
448
436
432
432
432
432
424
420
420
420
432
444
452
444
440
428
420
420
420
416
416
412
412
412
420
436
444
444
436
424
416
412
408
408
404
400
392
392
396
408
416
416
412
396
388
384
384
380
380
376
376
376
384
392
404
408
404
392
380
372
368
368
368
364
360
356
360
360
376
384
376
364
352
344
344
340
340
336
332
328
332
340
352
368
372
364
360
360
364
376