540
924
924
916
920
920
916
920
920
924
928
932
932
932
932
932
928
932
940
944
940
940
940
936
940
948
948
948
948
948
952
952
948
948
952
952
952
952
952
952
952
952
952
952
952
952
952
952
952
952
952
952
952
952
952
952
952
952
952
952
952
952
952
952
952
924
924
924
924
924
924
924
924
924
924
924
924
924
924
924
932
900
892
884
876
872
872
872
872
872
868
864
860
860
860
860
860
860
852
844
844
844
844
848
844
844
840
836
840
840
840
836
824
812
796
784
780
788
816
868
924
952
952
952
952
952
952
952
892
844
820
804
800
800
800
800
800
804
800
792
792
788
788
788
788
788
784
784
780
780
780
784
784
780
780
780
784
784
784
784
788
784
780
776
776
780
788
788
784
784
784
784
792
792
796
796
792
792
792
792
792
792
792
792
792
788
784
784
780
772
764
760
752
744
740
736
728
724
724
720
712
712
712
712
712
708
700
696
692
692
692
692
688
684
680
676
680
644
632
624
616
604
600
592
584
580
576
576
576
572
560
560
556
552
552
552
552
552
548
544
540
536
532
532
532
528
524
524
520
516
516
512
504
492
472
464
460
476
512
556
604
660
716
748
748
716
660
588
524
488
468
460
456
460
460
460
456
456
464
464
456
452
448
444
444
440
436
436
440
432
428
424
428
428
428
428
424
424
424
428
428
424
424
420
420
424
436
436
436
440
436
436
436
436
436
444
444
444
448
444
444
444
444
440
432
428
424
424
424
420
324
316
316
316
312
312
312
312
316
324
328
328
320
320
320
316
320
312
312
312
312
308
304
300
296
296
296
292
288
280
276
272
260
256
248
240
236
232
232
232
232
224
220
220
216
212
212
216
212
208
208
204
448
404
340
260
200
168
152
148
140
136
140
140
140
136
136
136
132
132
136
140
140
144
144
144
136
132
132
132
128
128
128
132
128
128
136
140
140
140
136
136
136
136
144
148
148
148
148
152
156
164
168
172
172
172
168
164
164
172
180
180
168
160
160
160
160
152
152
144
140
140
136
136
136
132
124
124
120
120
120
116
112
108
104
100
104
108
108
108
108
104
104
108
108
108
108
108
112
116
120
124
124
128
128
128
124
124
120
120
124
124
124
124
128
128
124
124
124
116
116
112
112
100
88
80
72
68
68
72
72
80
76
72
72
72
72
72
72
76
76
76
72
72
72
76
80
76
76
72
72
72
72
68
68
68
68
68
68
68
68
112
180
244
312
364
388
372
316
244
172
124
100
80
72
68
68
68
68
68
68
580
580
580
576
568
560
552
548
548
548
548
540
536
532
536
544
544
548
548
544
544
548
548
552
552
552
548
540
540
544
544
548
552
552
552
556
564
564
564
564
564
564
568
568
564
560
560
568
572
572
572
576
572
564
552
544
536
528
524
524
524
524
524
524
524
524
524
524
520
524
524
524
520
520
520
524
520
516
516
516
524
520
516
520
512
504
496
484
472
468
472
496
544
608
680
744
796
820
804
764
704
632
580
544
524
508
504
500
500
504
504
504
504
504
504
508
512
512
508
508
508
508
512
516
516
512
512
516
516
520
520
520
524
524
528
532
532
536
540
540
540
540
548
552
564
564
564
568
568
568
568
572
580
580
580
580
580
580
580
580
576
568
560
552
552
552
552
552
540
528
524
524
524
524
524
520
524
520
520
516
516
516
512
508
500
500
500
504
504
504
508
508
512
516
520
520
516
520
516
516
516
512
520
520
520
520
520
520
524
524
516
504
500
500
492
484
476
472
464
460
452
452
456
460
460
452
448
444
444
440
444
444
444
444
448
448
444
444
444
444
444
444
440
432
424
420
408
396
384
376
380
408
468
540
608
672
716
740
728
684
624
552
488
452
432
416
412
408
404
404
408
408
408
408
412
416
416
408
408
408
416
404
396
396
396
396
404
408
412
416
412
412
408
412
416
420
420
420
420
420
416
420
432
432
432
440
444
444
444
444
444
444
444
444
444
448
448
452
448
444
444
436
432
428
428
420
416
408
400
392
392
392
392
388
380
376
376
376
376
372
368
364
368
368
372
368
368
364
364
364
368
372
372
372
376
372
372
372
372
372
372
368
368
364
364
364
364
372
368
364
356
356
352
344
340
340
332
320
312
312
316
316
316
312
308
308
312
532
456
384
328
292
276
268
264
260
260
260
264
264
268
268
268
264
264
268
264
324
328
324
324
328
332
332
332
328
324
324
324
324
324
324
316
312
312
308
308
308
304
300
296
288
280
276
280
280
280
280
284
284
284
284
284
284
272
272
268
268
264
264
268
272
280
284
284
288
296
304
304
304
304
296
296
300
300
304
304
300
304
308
308
308
304
292
280
268
264
260
260
264
264
260
252
252
256
260
256
248
248
248
248
248